mmwc
20
32.713299387992734 -0.44705420304763976 -6.170822336933261 1.105502941661823 -8.795455910412585 -4.507466950690874 0.7793293393021631 -6.601627100139677 -1.8460709652807064 0.9535410221961588
33.658021616002124 -1.7424458380379715 -3.754259203712867 3.3050421988749346 -6.946841087086843 -4.507466950690874 5.58554309072935 -6.397399943922139 -0.8775094019366538 -1.0100885640514699
38.65336332321591 -0.44705420304763976 -6.170822336933261 1.105502941661823 -7.548782862021007 -4.507466950690874 0.7793293393021631 -6.601627100139677 -1.8460709652807064 0.9535410221961588
32.713299387992734 -0.44705420304763976 -6.170822336933261 1.6766686383078544 -7.548782862021007 -0.34378743855623256 0.7793293393021631 -3.4463822002045252 -2.9959336051716305 -0.9964020728692362
29.268828955051653 -0.44705420304763976 -6.170822336933261 1.105502941661823 -7.548782862021007 -0.20549473818741773 0.7793293393021631 -4.424884906619204 -1.8460709652807064 0.9535410221961588
32.713299387992734 -3.910921495316952 -5.088341469132441 1.181895159563438 -8.919424051960473 -3.0680370903146734 1.9055691822771634 -6.601627100139677 -1.8460709652807064 -1.7386587214154827
32.713299387992734 -1.7424458380379715 -5.352520591819579 -2.721471686711496 -7.548782862021007 -0.20549473818741773 1.9055691822771634 -4.11914478963687 -1.8460709652807064 -0.9964020728692362
32.713299387992734 -1.7424458380379715 -6.170822336933261 1.6766686383078544 -7.548782862021007 -0.20549473818741773 1.9055691822771634 -4.11914478963687 -1.8460709652807064 -0.9964020728692362
42.59432657955365 0.9620021865481685 -6.170822336933261 1.682829084896399 -6.316654047292341 0.3778635340055493 -1.9230931277750807 -5.198178388758202 -3.2139698217532575 -3.127291628545955
33.658021616002124 -6.315821295881476 -6.914297470346591 4.810752461356099 -7.548782862021007 -4.507466950690874 3.1548911769358776 -5.702417812171694 -1.261512926488781 -0.9964020728692362
38.65336332321591 -0.44705420304763976 -6.170822336933261 1.105502941661823 -7.548782862021007 -4.507466950690874 0.7793293393021631 -6.601627100139677 -3.3510530257116145 0.9535410221961588
33.658021616002124 -0.04557161325301094 -6.914297470346591 1.6766686383078544 -7.548782862021007 -6.892500137764444 3.1548911769358776 -4.11914478963687 -1.1389591193576087 -1.0050272541346286
33.658021616002124 -1.7424458380379715 -6.808104313856656 3.3050421988749346 -7.548782862021007 -4.507466950690874 5.58554309072935 -6.601627100139677 -1.8460709652807064 -1.0100885640514699
35.76175681500997 -0.4621939316690191 -4.958548349984911 -9.149812718604691 4.472256314924543 -0.34378743855623256 3.870635565129989 -2.2421436188468182 -1.6628513510917735 0.37899402359457324
42.59432657955365 -1.1428114877585158 -6.170822336933261 1.6766686383078544 -7.548782862021007 -0.34378743855623256 -1.9230931277750807 -3.4463822002045252 -2.9959336051716305 -3.127291628545955
32.713299387992734 -1.7424458380379715 -5.352520591819579 -2.721471686711496 -7.548782862021007 -0.20549473818741773 1.9055691822771634 -6.601627100139677 -1.8460709652807064 -1.7386587214154827
34.566757695240064 -2.0849716989440674 -6.914297470346591 4.047192777093957 -9.983169019228534 -0.34378743855623256 5.443306494089058 -10.342379332379881 -8.001167505315973 -3.127291628545955
28.95454637303892 -1.9686449783832343 -5.088341469132441 8.708978550979808 -8.919424051960473 -1.4453834897128655 1.9055691822771634 7.72255565399216 -1.5073679648886602 -1.7386587214154827
32.713299387992734 -1.7424458380379715 -5.088341469132441 -2.721471686711496 -8.919424051960473 -3.0680370903146734 1.9055691822771634 6.274283891758589 -5.354655119216149 -1.7386587214154827
-1.4864315787576974 1.5279963920205424 -2.9513935936494504 8.508852171850139 4.472256314924543 -4.171578591469446 2.961862216087688 -7.2018344464491335 -0.007031660558294458 0.43146351761291335
12.0 12.5 24.5
12.5 12.5 25.0
12.5 14.0 26.5
12.5 10.5 23.0
13.0 7.5 20.5
15.0 8.0 23.0
11.0 9.0 20.0
13.5 10.0 23.5
8.0 9.0 17.0
13.5 12.5 26.0
13.0 11.5 24.5
13.0 6.5 19.5
12.0 12.0 24.0
2.0 2.0 4.0
10.0 12.5 22.5
8.0 9.0 17.0
10.0 6.5 16.5
4.0 2.0 6.0
4.0 8.0 12.0
1.0 4.0 5.0
