mmwc
20
31.50592559869934 1.0152094809792818 -2.8498569617174363 1.927491157959605 -5.05947895516971 -2.407829493704192 -0.9742251508787539 -1.603076696141919 -0.7571809259113493 -0.6439644505100285
25.54656855003106 1.0152094809792818 -8.059939364409525 1.927491157959605 -5.05947895516971 -2.407829493704192 -0.9742251508787539 -1.603076696141919 -3.1805483891799358 -0.6439644505100285
21.790236152206997 1.0152094809792818 -6.0889844919786995 3.003495792828474 -8.17193955994002 -2.407829493704192 -1.7002788086902554 -1.3708539974994551 -1.6081212847131248 -0.5233982196485502
34.75465832632194 -2.1690680831416866 -6.0889844919786995 -0.11566844708676882 -6.320659536396934 -4.171472770035878 5.642814394061244 -2.356250360731822 -2.3949032554037992 -0.8225279913072603
31.50592559869934 2.4303609991238044 -5.855965012614888 2.78122280035163 -7.988972605399384 -4.171472770035878 -1.7002788086902554 -1.907180384363747 -1.6081212847131248 -0.3717132131714099
20.554965990825004 1.0152094809792818 -3.776545473787747 1.927491157959605 -8.17193955994002 -2.407829493704192 -0.9742251508787539 -1.3708539974994551 -3.7683359696758645 -1.1180207926287142
34.75465832632194 2.0628693075174547 -6.0889844919786995 3.003495792828474 -6.320659536396934 -3.8668380088273944 5.642814394061244 -1.3708539974994551 -2.3949032554037992 0.6773137558987813
34.75465832632194 -1.839321271622436 -6.0889844919786995 2.467007689494964 -6.320659536396934 -4.171472770035878 5.642814394061244 -2.356250360731822 -2.3949032554037992 -0.8880332178879291
31.50592559869934 -1.839321271622436 -5.928879210679106 0.5329619018246134 -12.657584124581733 -4.171472770035878 9.968950785837498 7.504922058807236 -8.13111576165305 -0.3717132131714099
39.246693341295995 -1.839321271622436 -2.8394758231740784 3.187825294838498 -6.950055553697835 -6.736050028334394 3.74866221570589 -2.356250360731822 -2.3548229297647696 -5.789982748708633
21.790236152206997 2.784341836071924 -6.0889844919786995 3.003495792828474 -6.320659536396934 -3.6447408943724193 -1.7002788086902554 -1.3708539974994551 -2.3949032554037992 -0.5233982196485502
31.50592559869934 -5.186736388431765 -2.8394758231740784 1.2467475503126422 -5.05947895516971 -5.225851547961339 7.5425744380917745 1.6771855182795736 -2.5728388689619814 -7.47999639485073
0.02853434596705462 1.0152094809792818 -10.038175789807042 3.003495792828474 -5.4793086774261806 -5.649511224445849 -0.9742251508787539 -1.603076696141919 -3.1805483891799358 -1.6130102476787884
31.50592559869934 -5.944065823892213 -5.928879210679106 1.927491157959605 -12.657584124581733 -2.407829493704192 -0.9742251508787539 7.504922058807236 -9.526981273286514 -1.4226863375215086
34.75465832632194 -2.1690680831416866 -2.8394758231740784 -0.11566844708676882 -6.425756429672094 -2.8310934424155207 2.837530215297825 -2.356250360731822 -5.841160639173533 -0.8225279913072603
31.50592559869934 2.8211766018579825 -1.1867850458088167 1.927491157959605 -6.782483911511961 3.0209411961623616 -0.9742251508787539 7.504922058807236 -9.526981273286514 -0.6439644505100285
31.50592559869934 -5.186736388431765 -2.8394758231740784 1.2467475503126422 -6.425756429672094 -2.8310934424155207 7.5425744380917745 1.6771855182795736 -5.841160639173533 -0.8225279913072603
39.246693341295995 -5.186736388431765 -2.954035934821224 3.187825294838498 -6.950055553697835 -4.624415791452986 7.5425744380917745 -0.9764639662211314 -2.3548229297647696 -1.8648062615637846
0.02853434596705462 2.4303609991238044 -9.311442851216702 3.003495792828474 -7.988972605399384 -5.649511224445849 -0.9742251508787539 -1.603076696141919 -1.6081212847131248 -1.6130102476787884
25.003088474842706 -0.7034198698782507 -6.109026334248285 2.1737343453253057 -3.356256756486655 -4.234212869951803 -2.3760188511707088 -1.5898454190540654 0.6749848128234293 -0.6439644505100285
11.0 15.0 26.0
12.0 10.0 22.0
11.0 12.5 23.5
13.0 15.5 28.5
12.0 11.0 23.0
9.0 12.0 21.0
11.0 10.0 21.0
15.0 11.0 26.0
6.0 6.0 12.0
13.0 9.5 22.5
12.5 12.0 24.5
7.5 4.0 11.5
9.0 2.0 11.0
5.0 4.0 9.0
9.5 10.0 19.5
3.0 1.0 4.0
4.5 11.0 15.5
13.0 15.0 28.0
4.0 5.0 9.0
10.5 12.0 22.5
