mmwc
<<<<<<< HEAD
20
69.59030198380006 -1.9827965467594504 -0.8298766286877772 1.378402685579887 -5.360802561826524 -3.253144422841733 0.6043467241542899 -7.699428493002588 -1.1513433597843223 -1.6699453630993306
69.59030198380006 -5.597691026567402 -7.3294691393857425 0.13536850700230474 -7.892820968917924 -3.253144422841733 9.071970344216428 -7.699428493002588 -1.122033286345349 -1.6699453630993306
69.59030198380006 -1.9827965467594504 -0.8298766286877772 0.13536850700230474 -5.360802561826524 1.375169818824805 9.340501441221607 -9.660315837003338 -1.122033286345349 -1.6699453630993306
82.99215867959245 -1.9827965467594504 -2.474243126979134 0.13536850700230474 -5.360802561826524 -3.9989761529072503 1.568151967761847 -7.699428493002588 -1.122033286345349 -2.567198694442567
82.99215867959245 -4.5358293078637875 -1.635470225073906 1.6602069419229832 -7.084404274998925 -3.9989761529072503 10.190817248370251 -9.26031280214184 -3.303711116836566 -0.20553337933417729
79.26301660630641 -0.5555001576582679 -4.06668918362207 6.5970607763070035 -6.487519300710192 0.7915198685925936 -0.12095384651094097 -2.694370034083298 0.49491402259532236 0.09563352507903783
69.59030198380006 -1.9827965467594504 -0.8298766286877772 -1.1847654599975403 -5.360802561826524 -2.4119729591474606 1.568151967761847 -8.3264717191714 -2.0393026117326993 -1.8203034310284723
82.6694238815891 -1.9827965467594504 -1.8843271748376393 0.13536850700230474 -5.527576334485053 -3.253144422841733 1.568151967761847 -8.378529757461973 -7.346338600576701 -4.157803894211411
69.59030198380006 -1.7471111176780387 -1.0405042768901946 -1.1847654599975403 -5.360802561826524 -2.4119729591474606 1.568151967761847 -7.028130008331897 -2.0393026117326993 -1.8203034310284723
69.59030198380006 -1.9827965467594504 -0.8298766286877772 0.13536850700230474 -5.360802561826524 -3.253144422841733 1.568151967761847 -7.699428493002588 -1.122033286345349 -1.6699453630993306
82.6694238815891 -1.9827965467594504 -1.8843271748376393 0.13536850700230474 -5.527576334485053 -3.253144422841733 1.568151967761847 -8.3264717191714 -2.0393026117326993 -4.157803894211411
9.255905325406822 -0.8367468944526311 -7.3294691393857425 -0.026325771894075714 -7.892820968917924 -2.4119729591474606 9.054703082217308 -7.699428493002588 -1.122033286345349 -1.6699453630993306
87.32086067075711 -0.8367468944526311 -7.3294691393857425 0.13536850700230474 -7.892820968917924 -2.4119729591474606 8.662685646856202 -10.197531698020212 -2.7125142716385886 -1.6699453630993306
58.70880171660007 2.0606658996663954 0.25923131039369074 -4.505331529454607 2.381552665450185 -2.0564358576150985 -5.880778645715656 7.382756562662687 9.163258833255203E-4 10.758464489708462
69.59030198380006 -8.592924513546889 -1.8843271748376393 1.378402685579887 -5.527576334485053 -3.253144422841733 0.6043467241542899 -8.3264717191714 -1.1513433597843223 -4.157803894211411
82.99215867959245 -1.9827965467594504 -1.8843271748376393 0.13536850700230474 -7.084404274998925 -3.253144422841733 1.568151967761847 -12.29275545832694 -3.303711116836566 -6.533036354818985
5.82413398560324 8.48083209847629 -1.5754955962403583 1.249698922928259 -7.084404274998925 -3.253144422841733 3.200215620667961 -8.3264717191714 -1.7080677628274137 -0.06785573772044273
69.59030198380006 -1.9827965467594504 0.6804247907627613 0.8049754903780821 -5.360802561826524 -3.7472032536813784 3.200215620667961 -8.3264717191714 -1.7080677628274137 -1.6699453630993306
69.59030198380006 -1.9827965467594504 -1.6054830396544735 0.13536850700230474 -5.360802561826524 2.778265471063776 9.340501441221607 -8.88423019738681 -1.122033286345349 -1.6699453630993306
58.70880171660007 2.0606658996663954 0.25923131039369074 -4.505331529454607 -5.360802561826524 -2.0564358576150985 1.568151967761847 7.382756562662687 2.001823912460621 -1.6699453630993306
=======
2
9.571102962490876 -4.957486416440597 -3.6942907292470135 3.2109308088596578 -4.53590919744528 2.8818166672080903 -3.1211014697215944 5.966972266336089 8.246334250803717 6.957261638630538
-6.691887380847841 -4.983708145993512 -3.5546434703112624 2.726745827242693 -8.626382832849194 -7.24354210121207 -6.2559057584112 -2.2799905205221283 0.27416594405018024 2.427838792935413
0.0 1.0 1.0
0.0 1.0 1.0
>>>>>>> 41568c676d3b7de8661dab0e1dee0d67b5646d77
